1 紫灯 10 3410
2 紫灯 10 3410
3 紫灯 10 3410
4 紫灯 10 3410
5 紫灯 10 3400
6 紫灯 10 3400
7 紫灯 10 3390
8 紫灯 10 3400
9 紫灯 10 3390
10 紫灯 10 3390
11 蓝灯 10 10000
12 蓝灯 10 10000
13 蓝灯 10 10000
14 蓝灯 10 10000
15 蓝灯 10 10000
16 蓝灯 10 10000
17 蓝灯 10 10000
18 蓝灯 10 10000
19 蓝灯 10 10000
20 蓝灯 10 10000
21 绿灯 10 10000
22 绿灯 10 10000
23 绿灯 10 10000
24 绿灯 10 10000
25 绿灯 10 10000
26 绿灯 10 10000
27 绿灯 10 10000
28 绿灯 10 10000
29 绿灯 10 10000
30 绿灯 10 10000
31 黄绿灯 10 10000
32 黄绿灯 10 10000
33 黄绿灯 10 10000
34 黄绿灯 10 10000
35 黄绿灯 10 10000
36 黄绿灯 10 10000
37 黄绿灯 10 10000
38 黄绿灯 10 10000
39 黄绿灯 10 10000
40 黄绿灯 10 10000
41 黄灯 10 10000
42 黄灯 10 10000
43 黄灯 10 10000
44 黄灯 10 10000
45 黄灯 10 10000
46 黄灯 10 10000
47 黄灯 10 10000
48 黄灯 10 10000
49 黄灯 10 10000
50 黄灯 10 10000
51 橘灯 10 10000
52 橘灯 10 10000
53 橘灯 10 10000
54 橘灯 10 10000
55 橘灯 10 10000
56 橘灯 10 10000
57 橘灯 10 10000
58 橘灯 10 10000
59 橘灯 10 10000
60 橘灯 10 10000
61 红灯 10 10000
62 红灯 10 10000
63 红灯 10 10000
64 红灯 10 10000
65 红灯 10 10000
66 红灯 10 10000
67 红灯 10 10000
68 红灯 10 10000
69 红灯 10 10000
70 红灯 10 10000
71 白灯 10 10000
72 白灯 10 10000
73 白灯 10 10000
74 白灯 10 10000
75 白灯 10 10000
76 白灯 10 10000
77 白灯 10 10000
78 白灯 10 10000
79 白灯 10 10000
80 白灯 10 10000
